{
  "nbformat": 4,
  "nbformat_minor": 0,
  "metadata": {
    "colab": {
      "provenance": [],
      "authorship_tag": "ABX9TyN9o9q6c29pCl/p+mkkaXwD",
      "include_colab_link": true
    },
    "kernelspec": {
      "name": "python3",
      "display_name": "Python 3"
    },
    "language_info": {
      "name": "python"
    }
  },
  "cells": [
    {
      "cell_type": "markdown",
      "metadata": {
        "id": "view-in-github",
        "colab_type": "text"
      },
      "source": [
        "<a href=\"https://colab.research.google.com/github/Kashishsingh-26/Module03_Lab01/blob/main/Mod03_Lab01.ipynb\" target=\"_parent\"><img src=\"https://colab.research.google.com/assets/colab-badge.svg\" alt=\"Open In Colab\"/></a>"
      ]
    },
    {
      "cell_type": "markdown",
      "source": [
        "\n",
        "FOUNDATIONS OF MODERN MACHINE LEARNING, IIIT Hyderabad\n",
        "\n",
        "MODULE 3: CLASSIFICATION-1\n",
        "\n",
        "LAB-1 : Understanding Distance metrics and Introduction to KNN\n",
        "\n",
        "Name=Kashish Singh\n",
        "\n",
        "SECTION - 1 : Distance metrics"
      ],
      "metadata": {
        "id": "zgAYB0G04-xD"
      }
    },
    {
      "cell_type": "code",
      "source": [
        "# Importing Required Libraries\n",
        "import numpy as np\n",
        "import pandas as pd\n",
        "import math\n",
        "from scipy.spatial import distance\n",
        "import matplotlib.pyplot as plt"
      ],
      "metadata": {
        "id": "V3Yxytco5FpU"
      },
      "execution_count": 1,
      "outputs": []
    },
    {
      "cell_type": "code",
      "source": [
        "# Simple 2D example\n",
        "x_1 = np.array((3,4))\n",
        "x_2 = np.array((9, 25))"
      ],
      "metadata": {
        "id": "BSYKVRkr5B5_"
      },
      "execution_count": 2,
      "outputs": []
    },
    {
      "cell_type": "code",
      "source": [
        "# Naive approach to calculating Euclidean distance (not-vectorized)\n",
        "sumv = 0\n",
        "for i in range(len(x_1)):\n",
        "  sumv += ((x_1[i]-x_2[i])**2)\n",
        "dist = math.sqrt(sumv)\n",
        "print(dist)"
      ],
      "metadata": {
        "colab": {
          "base_uri": "https://localhost:8080/"
        },
        "id": "U-o7QKZC5SAp",
        "outputId": "e957d1a7-d38e-4183-c54f-3f79be79ff79"
      },
      "execution_count": 3,
      "outputs": [
        {
          "output_type": "stream",
          "name": "stdout",
          "text": [
            "21.840329667841555\n"
          ]
        }
      ]
    },
    {
      "cell_type": "code",
      "source": [
        "## TASK-1\n",
        "## Write a vectorized version of computing Euclidean distance (using numpy) in the space given below\n",
        "## (Expected number of lines ~ 1). Your answer should be stored in the variable 'euclidean_dist'\n",
        "## Verify this result with what you saw above\n",
        "\n",
        "# Write your code below and uncomment the lines below in order to run the cell.\n",
        "\n",
        "# euclidean_dist =\n",
        "# print(euclidean_dist)"
      ],
      "metadata": {
        "id": "dThdvhe-5V1d"
      },
      "execution_count": 4,
      "outputs": []
    },
    {
      "cell_type": "markdown",
      "source": [
        "Answer to Task-1"
      ],
      "metadata": {
        "id": "B4vs5YNP5ZiZ"
      }
    },
    {
      "cell_type": "code",
      "source": [
        "#@title Answer to Task-1\n",
        "# Answer:\n",
        "euclidean_dist = np.sqrt(np.sum((x_1-x_2)**2))\n",
        "print(euclidean_dist)"
      ],
      "metadata": {
        "colab": {
          "base_uri": "https://localhost:8080/"
        },
        "id": "x9PK0B-x5ig9",
        "outputId": "68752568-5f87-4141-968a-c860bef61309"
      },
      "execution_count": 5,
      "outputs": [
        {
          "output_type": "stream",
          "name": "stdout",
          "text": [
            "21.840329667841555\n"
          ]
        }
      ]
    },
    {
      "cell_type": "code",
      "source": [
        "# Libraries such as SciPy provide functions to compute different kinds of distance metrics between points\n",
        "euclidean_dist = distance.euclidean(x_1, x_2)\n",
        "print(euclidean_dist)"
      ],
      "metadata": {
        "colab": {
          "base_uri": "https://localhost:8080/"
        },
        "id": "xFvIq8YC5n3t",
        "outputId": "81eb9d5e-88ba-4d89-cfd4-70328b47018b"
      },
      "execution_count": 6,
      "outputs": [
        {
          "output_type": "stream",
          "name": "stdout",
          "text": [
            "21.840329667841555\n"
          ]
        }
      ]
    },
    {
      "cell_type": "code",
      "source": [
        "# 3-D Visualization\n",
        "plotx = np.linspace(-20,20,60)\n",
        "meshx, meshy = np.meshgrid(plotx,plotx)"
      ],
      "metadata": {
        "id": "uozwmN_U5pfi"
      },
      "execution_count": 7,
      "outputs": []
    },
    {
      "cell_type": "code",
      "source": [
        "tempeuclid = np.sqrt((meshx**2 + meshy**2))"
      ],
      "metadata": {
        "id": "w5-gaWxF5slp"
      },
      "execution_count": 8,
      "outputs": []
    },
    {
      "cell_type": "code",
      "source": [
        "import plotly.graph_objects as go\n",
        "\n",
        "fig = go.Figure(data=[go.Surface(z=tempeuclid, x=plotx, y=plotx)])\n",
        "fig.update_layout(title='Euclidean Distance from origin', autosize=False,\n",
        "                  width=1000, height=1000,\n",
        "                  margin=dict(l=65, r=50, b=65, t=90))\n",
        "fig.show()"
      ],
      "metadata": {
        "colab": {
          "base_uri": "https://localhost:8080/",
          "height": 1000
        },
        "id": "r11EQZv65wdK",
        "outputId": "625ab0ad-a99d-4858-997b-625789f5cb93"
      },
      "execution_count": 9,
      "outputs": [
        {
          "output_type": "display_data",
          "data": {
            "text/html": [
              "<html>\n",
              "<head><meta charset=\"utf-8\" /></head>\n",
              "<body>\n",
              "    <div>            <script src=\"https://cdnjs.cloudflare.com/ajax/libs/mathjax/2.7.5/MathJax.js?config=TeX-AMS-MML_SVG\"></script><script type=\"text/javascript\">if (window.MathJax && window.MathJax.Hub && window.MathJax.Hub.Config) {window.MathJax.Hub.Config({SVG: {font: \"STIX-Web\"}});}</script>                <script type=\"text/javascript\">window.PlotlyConfig = {MathJaxConfig: 'local'};</script>\n",
              "        <script charset=\"utf-8\" src=\"https://cdn.plot.ly/plotly-2.24.1.min.js\"></script>                <div id=\"0abb2715-dccc-4adc-9d64-d02dc48a07a9\" class=\"plotly-graph-div\" style=\"height:1000px; width:1000px;\"></div>            <script type=\"text/javascript\">                                    window.PLOTLYENV=window.PLOTLYENV || {};                                    if (document.getElementById(\"0abb2715-dccc-4adc-9d64-d02dc48a07a9\")) {                    Plotly.newPlot(                        \"0abb2715-dccc-4adc-9d64-d02dc48a07a9\",                        [{\"x\":[-20.0,-19.322033898305087,-18.64406779661017,-17.966101694915253,-17.28813559322034,-16.610169491525426,-15.932203389830509,-15.254237288135593,-14.576271186440678,-13.898305084745763,-13.220338983050848,-12.542372881355933,-11.864406779661017,-11.186440677966102,-10.508474576271187,-9.830508474576272,-9.152542372881356,-8.474576271186441,-7.796610169491526,-7.118644067796611,-6.4406779661016955,-5.76271186440678,-5.084745762711865,-4.40677966101695,-3.7288135593220346,-3.050847457627121,-2.372881355932204,-1.6949152542372872,-1.0169491525423737,-0.3389830508474603,0.3389830508474567,1.0169491525423737,1.6949152542372872,2.3728813559322006,3.0508474576271176,3.7288135593220346,4.406779661016948,5.0847457627118615,5.7627118644067785,6.4406779661016955,7.118644067796609,7.796610169491522,8.47457627118644,9.152542372881356,9.83050847457627,10.508474576271183,11.1864406779661,11.864406779661017,12.54237288135593,13.220338983050844,13.898305084745758,14.576271186440678,15.254237288135592,15.932203389830505,16.610169491525426,17.28813559322034,17.966101694915253,18.644067796610166,19.32203389830508,20.0],\"y\":[-20.0,-19.322033898305087,-18.64406779661017,-17.966101694915253,-17.28813559322034,-16.610169491525426,-15.932203389830509,-15.254237288135593,-14.576271186440678,-13.898305084745763,-13.220338983050848,-12.542372881355933,-11.864406779661017,-11.186440677966102,-10.508474576271187,-9.830508474576272,-9.152542372881356,-8.474576271186441,-7.796610169491526,-7.118644067796611,-6.4406779661016955,-5.76271186440678,-5.084745762711865,-4.40677966101695,-3.7288135593220346,-3.050847457627121,-2.372881355932204,-1.6949152542372872,-1.0169491525423737,-0.3389830508474603,0.3389830508474567,1.0169491525423737,1.6949152542372872,2.3728813559322006,3.0508474576271176,3.7288135593220346,4.406779661016948,5.0847457627118615,5.7627118644067785,6.4406779661016955,7.118644067796609,7.796610169491522,8.47457627118644,9.152542372881356,9.83050847457627,10.508474576271183,11.1864406779661,11.864406779661017,12.54237288135593,13.220338983050844,13.898305084745758,14.576271186440678,15.254237288135592,15.932203389830505,16.610169491525426,17.28813559322034,17.966101694915253,18.644067796610166,19.32203389830508,20.0],\"z\":[[28.284271247461902,27.809009223042285,27.342298074679025,26.88458313070963,26.43633167233253,25.99803320517154,25.570199546638793,25.15336469029037,24.748084404669804,24.354935520930248,23.97451486113481,23.607437757939184,23.254336116803383,22.91585597444823,22.59265451247679,22.285396493415053,21.994750098316388,21.721382160814635,21.465952812186526,21.229109575391423,21.01148097262608,20.813669739672882,20.636245769795828,20.479738938295885,20.344631983896488,20.23135364254478,20.140272240695523,20.07168995672876,20.025837949480582,20.002872531433127,20.002872531433127,20.025837949480582,20.07168995672876,20.140272240695523,20.23135364254478,20.344631983896488,20.479738938295885,20.636245769795828,20.813669739672882,21.01148097262608,21.229109575391423,21.465952812186526,21.721382160814635,21.994750098316388,22.28539649341505,22.59265451247679,22.91585597444823,23.254336116803383,23.607437757939184,23.97451486113481,24.354935520930244,24.748084404669804,25.153364690290367,25.57019954663879,25.99803320517154,26.43633167233253,26.88458313070963,27.342298074679025,27.80900922304228,28.284271247461902],[27.809009223042285,27.32548239161574,26.850367929915734,26.38412030141023,25.92721786572603,25.480163353174422,25.04348415900187,24.617732414054657,24.20348478355775,23.801341941073844,23.411927660789164,23.035887468517977,22.67388679076698,22.32660854247473,21.994750098316388,21.679019600433197,21.38013156775794,21.09880178928195,20.83574150593805,20.59165091320331,20.367212048542108,20.163081163339733,19.97988071632729,19.818191162364027,19.67854274399999,19.561407520343742,19.467191885235568,19.39622983175589,19.348777210617406,19.325007205070136,19.325007205070136,19.348777210617406,19.39622983175589,19.467191885235568,19.561407520343742,19.67854274399999,19.818191162364027,19.97988071632729,20.163081163339733,20.367212048542108,20.59165091320331,20.83574150593805,21.09880178928195,21.38013156775794,21.679019600433197,21.994750098316388,22.32660854247473,22.67388679076698,23.035887468517977,23.411927660789164,23.80134194107384,24.20348478355775,24.617732414054654,25.04348415900187,25.480163353174422,25.92721786572603,26.38412030141023,26.85036792991573,27.325482391615733,27.809009223042285],[27.342298074679025,26.850367929915734,26.366693535769567,25.891737564648555,25.425988600134477,24.969961845020876,24.524199657879215,24.08927187042694,23.6657758314672,23.254336116803383,22.855603838695014,22.47025548362922,22.098991204076775,21.742532489253662,21.401619142596065,21.077005500623475,20.769455840054768,20.479738938295885,20.208621777340856,19.95686241292885,19.72520206912021,19.51435656220238,19.325007205070136,19.157791391111584,19.01329310153242,18.89203361775291,18.794462746615743,18.720950876588578,18.671782174807337,18.647149206067887,18.647149206067887,18.671782174807337,18.720950876588578,18.794462746615743,18.89203361775291,19.01329310153242,19.157791391111584,19.325007205070136,19.51435656220238,19.72520206912021,19.95686241292885,20.208621777340852,20.479738938295885,20.769455840054768,21.077005500623475,21.40161914259606,21.742532489253662,22.098991204076775,22.47025548362922,22.85560383869501,23.25433611680338,23.6657758314672,24.08927187042694,24.524199657879215,24.969961845020876,25.425988600134477,25.891737564648555,26.366693535769567,26.850367929915727,27.342298074679025],[26.88458313070963,26.38412030141023,25.891737564648555,25.4079046799234,24.933119387706157,24.467908383211643,24.012828133457408,23.56846548578806,23.13543800779872,22.714393990170784,22.30601203574522,21.911000150769237,21.530094248407345,21.164055971237918,20.813669739672882,20.479738938295885,20.16308116333973,19.864522473198114,19.58489061105666,19.325007205070133,19.08567899696169,18.867688203492534,18.671782174807337,18.498662575786103,18.3489743765754,18.22329499080083,18.122123938472757,18.045873429432085,17.994860257609485,17.96929936365908,17.96929936365908,17.994860257609485,18.045873429432085,18.122123938472757,18.223294990800827,18.3489743765754,18.498662575786103,18.671782174807337,18.867688203492534,19.08567899696169,19.325007205070133,19.58489061105666,19.864522473198114,20.16308116333973,20.47973893829588,20.81366973967288,21.164055971237918,21.530094248407345,21.911000150769233,22.30601203574522,22.71439399017078,23.13543800779872,23.56846548578806,24.012828133457404,24.467908383211643,24.933119387706157,25.4079046799234,25.891737564648555,26.384120301410228,26.88458313070963],[26.43633167233253,25.92721786572603,25.425988600134477,24.933119387706157,24.449115824077236,23.97451486113481,23.50988594494875,23.055831963568746,22.612989939197174,22.18203138845137,21.763662263423083,21.3586223756249,20.96768419551473,20.59165091320331,20.23135364254478,19.88764765270865,19.561407520343742,19.25352111344126,18.964882346711004,18.69638268900024,18.448901456525803,18.22329499080083,18.020384894917985,17.840945582292566,17.6856914721974,17.555264238947867,17.45022057794407,17.371020983483334,17.318020033145494,17.291458637094035,17.291458637094035,17.318020033145494,17.371020983483334,17.45022057794407,17.555264238947867,17.6856914721974,17.840945582292566,18.020384894917985,18.22329499080083,18.448901456525803,18.69638268900024,18.964882346711,19.253521113441256,19.561407520343742,19.887647652708647,20.23135364254478,20.59165091320331,20.96768419551473,21.3586223756249,21.76366226342308,22.182031388451367,22.612989939197174,23.055831963568746,23.509885944948746,23.97451486113481,24.449115824077236,24.933119387706157,25.425988600134474,25.92721786572602,26.43633167233253],[25.99803320517154,25.480163353174422,24.969961845020876,24.467908383211643,23.97451486113481,23.490326968231074,23.01592569053282,22.5519286487863,22.09899120407678,21.65780724740785,21.229109575391426,20.813669739672886,20.412297243829965,20.025837949480582,19.655171544846407,19.301207926083745,18.964882346711004,18.647149206067887,18.348974376575402,18.07132601391436,17.81516385555378,17.58142709137619,17.371020983483334,17.184802516117394,17.023565463714874,16.888025365533768,16.77880497730791,16.696420821728477,16.641271469333663,16.613628142159794,16.613628142159794,16.641271469333663,16.696420821728477,16.77880497730791,16.888025365533764,17.023565463714874,17.184802516117394,17.371020983483334,17.58142709137619,17.81516385555378,18.07132601391436,18.348974376575402,18.647149206067887,18.964882346711004,19.30120792608374,19.655171544846404,20.025837949480582,20.412297243829965,20.813669739672882,21.229109575391423,21.657807247407845,22.09899120407678,22.5519286487863,23.01592569053282,23.490326968231074,23.97451486113481,24.467908383211643,24.969961845020876,25.48016335317442,25.99803320517154],[25.570199546638793,25.04348415900187,24.524199657879215,24.012828133457408,23.50988594494875,23.01592569053282,22.531538112384904,22.05735387796263,21.59404516424812,21.142326955271425,20.702957945223687,20.276740920322958,19.864522473198118,19.467191885235565,19.08567899696169,18.720950876588578,18.374007095413766,18.04587342943209,17.737593833154072,17.45022057794407,17.184802516117394,16.942371524881086,16.723927299720692,16.530420800320826,16.362736794775824,16.22167608678698,16.1079381295142,16.02210481097827,15.964626222802194,15.9358091844653,15.9358091844653,15.964626222802194,16.02210481097827,16.1079381295142,16.22167608678698,16.362736794775824,16.530420800320826,16.72392729972069,16.942371524881086,17.184802516117394,17.45022057794407,17.737593833154072,18.04587342943209,18.374007095413766,18.720950876588578,19.08567899696169,19.467191885235565,19.864522473198118,20.276740920322954,20.702957945223687,21.14232695527142,21.59404516424812,22.05735387796263,22.5315381123849,23.01592569053282,23.50988594494875,24.012828133457408,24.524199657879215,25.043484159001864,25.570199546638793],[25.15336469029037,24.617732414054657,24.08927187042694,23.56846548578806,23.055831963568746,22.5519286487863,22.05735387796263,21.57274925653874,21.098801789281946,20.636245769795828,20.185864313165297,19.748490391362047,19.325007205070136,18.916347699394855,18.523493006527797,18.147469578744644,17.789344763934814,17.45022057794407,17.131225448804443,16.833503753132387,16.55820303975568,16.306458943465348,16.079377933059558,15.878018208312366,15.703369250034536,15.556330719435616,15.43769157523485,15.34811040362274,15.288098011904653,15.258003301595796,15.258003301595796,15.288098011904653,15.34811040362274,15.437691575234847,15.556330719435614,15.703369250034536,15.878018208312364,16.079377933059558,16.306458943465348,16.55820303975568,16.833503753132387,17.131225448804443,17.45022057794407,17.789344763934814,18.14746957874464,18.523493006527797,18.916347699394855,19.325007205070136,19.748490391362047,20.185864313165293,20.636245769795828,21.098801789281946,21.57274925653874,22.057353877962626,22.5519286487863,23.055831963568746,23.56846548578806,24.089271870426938,24.61773241405465,25.15336469029037],[24.748084404669804,24.20348478355775,23.6657758314672,23.13543800779872,22.612989939197174,22.09899120407678,21.59404516424812,21.098801789281946,20.613960400692573,20.140272240695523,19.67854274399999,19.229633360925877,18.794462746615743,18.374007095413766,17.96929936365908,17.581427091376188,17.21152850818455,16.860786597214766,16.530420800320826,16.22167608678698,15.9358091844653,15.674071893826294,15.43769157523485,15.227849115400815,15.045654929608235,14.892123821348337,14.768149770028451,14.674481913161602,14.61170309305241,14.580212317021402,14.580212317021402,14.61170309305241,14.674481913161602,14.76814977002845,14.892123821348337,15.045654929608235,15.227849115400815,15.437691575234846,15.674071893826294,15.9358091844653,16.22167608678698,16.530420800320822,16.860786597214762,17.21152850818455,17.581427091376188,17.96929936365908,18.374007095413766,18.794462746615743,19.229633360925874,19.678542743999987,20.14027224069552,20.613960400692573,21.098801789281946,21.594045164248115,22.09899120407678,22.612989939197174,23.13543800779872,23.665775831467197,24.203484783557744,24.748084404669804],[24.354935520930248,23.801341941073844,23.254336116803383,22.714393990170784,22.18203138845137,21.65780724740785,21.142326955271425,20.636245769795828,20.140272240695523,19.655171544846407,19.181768611247605,18.720950876588578,18.273670470431938,17.840945582292566,17.42386071307986,17.023565463714874,16.641271469333663,16.278247055651484,15.9358091844653,15.61531227970308,15.318133596874581,15.045654929608235,14.799240646063101,14.580212317021402,14.38982052663805,14.229214821569734,14.099413113956219,14.001272154619244,13.935460875318283,13.90243840976941,13.90243840976941,13.935460875318283,14.001272154619244,14.099413113956217,14.229214821569732,14.38982052663805,14.5802123170214,14.7992406460631,15.045654929608235,15.318133596874581,15.61531227970308,15.935809184465299,16.278247055651484,16.641271469333663,17.023565463714874,17.423860713079858,17.840945582292566,18.273670470431938,18.720950876588574,19.181768611247602,19.6551715448464,20.140272240695523,20.636245769795828,21.14232695527142,21.65780724740785,22.18203138845137,22.714393990170784,23.25433611680338,23.801341941073836,24.354935520930248],[23.97451486113481,23.411927660789164,22.855603838695014,22.30601203574522,21.763662263423083,21.229109575391426,20.702957945223687,20.185864313165297,19.67854274399999,19.181768611247605,18.69638268900024,18.22329499080083,17.763488144506983,17.318020033145494,16.888025365533764,16.47471576979372,16.079377933059558,15.703369250034536,15.34811040362274,15.01507429854244,14.705770822700924,14.42172704147976,14.164462654763511,13.935460875318283,13.73613531481682,13.567793963518307,13.431601868582339,13.328544577177967,13.259394722446066,13.22468420551265,13.22468420551265,13.259394722446066,13.328544577177967,13.431601868582337,13.567793963518305,13.73613531481682,13.935460875318281,14.16446265476351,14.42172704147976,14.705770822700924,15.01507429854244,15.348110403622739,15.703369250034534,16.079377933059558,16.47471576979372,16.888025365533764,17.318020033145494,17.763488144506983,18.22329499080083,18.696382689000238,19.181768611247602,19.67854274399999,20.185864313165297,20.702957945223687,21.229109575391426,21.763662263423083,22.30601203574522,22.85560383869501,23.411927660789157,23.97451486113481],[23.607437757939184,23.035887468517977,22.47025548362922,21.911000150769237,21.3586223756249,20.813669739672886,20.276740920322958,19.748490391362047,19.229633360925877,18.720950876588578,18.22329499080083,17.737593833154072,17.264856377283856,16.80617661863124,16.362736794775824,15.935809184465299,15.526755919455983,15.137026143570242,14.768149770028451,14.42172704147976,14.099413113956219,13.8028969976287,13.533874425543816,13.294014610933951,13.084921400419514,12.908090009938828,12.764861277127276,12.656376069555572,12.583533012386837,12.546952897167287,12.546952897167287,12.583533012386837,12.656376069555572,12.764861277127274,12.908090009938826,13.084921400419514,13.29401461093395,13.533874425543814,13.802896997628698,14.099413113956219,14.42172704147976,14.76814977002845,15.13702614357024,15.526755919455983,15.935809184465299,16.36273679477582,16.80617661863124,17.264856377283856,17.737593833154072,18.223294990800827,18.720950876588574,19.229633360925877,19.748490391362047,20.276740920322954,20.813669739672886,21.3586223756249,21.911000150769237,22.470255483629217,23.03588746851797,23.607437757939184],[23.254336116803383,22.67388679076698,22.098991204076775,21.530094248407345,20.96768419551473,20.412297243829965,19.864522473198118,19.325007205070136,18.794462746615743,18.273670470431938,17.763488144506983,17.264856377283856,16.778804977307907,16.306458943465348,15.849043698387742,15.407889054052218,14.984431257830742,14.580212317021402,14.196875655167407,13.836157038615967,13.499869662196527,13.189882344639809,12.908090009938828,12.656376069555572,12.436567001928232,12.250380338706883,12.099368337338811,11.984860698077076,11.907910556101896,11.869248406787523,11.869248406787523,11.907910556101896,11.984860698077076,12.09936833733881,12.250380338706881,12.436567001928232,12.656376069555572,12.908090009938826,13.189882344639809,13.499869662196527,13.836157038615967,14.196875655167405,14.5802123170214,14.984431257830742,15.407889054052218,15.84904369838774,16.306458943465348,16.778804977307907,17.264856377283852,17.763488144506983,18.273670470431934,18.794462746615743,19.325007205070136,19.864522473198114,20.412297243829965,20.96768419551473,21.530094248407345,22.09899120407677,22.673886790766968,23.254336116803383],[22.91585597444823,22.32660854247473,21.742532489253662,21.164055971237918,20.59165091320331,20.025837949480582,19.467191885235565,18.916347699394855,18.374007095413766,17.840945582292566,17.318020033145494,16.80617661863124,16.306458943465348,15.820016121461741,15.34811040362274,14.892123821348337,14.453563122256165,14.034062064057256,13.635379905843232,13.259394722446064,12.908090009938828,12.583533012386837,12.287843362977531,12.02315108540217,11.791543817577008,11.595004323042081,11.43534087690373,11.314114758155007,11.232570525953147,11.191575606250291,11.191575606250291,11.232570525953147,11.314114758155007,11.435340876903728,11.595004323042081,11.791543817577008,12.023151085402167,12.28784336297753,12.583533012386837,12.908090009938828,13.259394722446064,13.63537990584323,14.034062064057254,14.453563122256165,14.892123821348335,15.348110403622737,15.820016121461741,16.306458943465348,16.80617661863124,17.31802003314549,17.840945582292562,18.374007095413766,18.916347699394855,19.46719188523556,20.025837949480582,20.59165091320331,21.164055971237918,21.74253248925366,22.326608542474723,22.91585597444823],[22.59265451247679,21.994750098316388,21.401619142596065,20.813669739672882,20.23135364254478,19.655171544846407,19.08567899696169,18.523493006527797,17.96929936365908,17.42386071307986,16.888025365533764,16.362736794775824,15.849043698387742,15.34811040362274,14.861227265615575,14.38982052663805,13.935460875318283,13.499869662196527,13.084921400419514,12.692640831762072,12.325192517083284,11.984860698077078,11.674017191676315,11.395075467099398,11.150429968405781,10.942381282419644,10.77304988614963,10.644283707191581,10.557567120269448,10.513940623234456,10.513940623234456,10.557567120269448,10.644283707191581,10.773049886149629,10.942381282419642,11.150429968405781,11.395075467099398,11.674017191676313,11.984860698077076,12.325192517083284,12.69264083176207,13.084921400419512,13.499869662196526,13.935460875318283,14.389820526638049,14.861227265615572,15.348110403622739,15.849043698387742,16.362736794775824,16.88802536553376,17.423860713079858,17.96929936365908,18.523493006527797,19.08567899696169,19.655171544846407,20.23135364254478,20.813669739672882,21.40161914259606,21.99475009831638,22.59265451247679],[22.285396493415053,21.679019600433197,21.077005500623475,20.479738938295885,19.88764765270865,19.301207926083745,18.720950876588578,18.147469578744644,17.581427091376188,17.023565463714874,16.47471576979372,15.935809184465299,15.407889054052218,14.892123821348337,14.38982052663805,13.90243840976941,13.431601868582339,12.979111673950271,12.546952897167287,12.137297484724174,11.752498863294724,11.395075467099398,11.067679808348819,10.77304988614963,10.513940623234456,10.293034881823036,10.112836535712745,9.975551843770956,9.882969313297119,9.836351273591125,9.836351273591125,9.882969313297119,9.975551843770956,10.112836535712743,10.293034881823035,10.513940623234456,10.773049886149629,11.067679808348817,11.395075467099398,11.752498863294724,12.137297484724172,12.546952897167285,12.979111673950268,13.431601868582339,13.902438409769408,14.389820526638047,14.892123821348335,15.407889054052218,15.935809184465299,16.474715769793715,17.02356546371487,17.581427091376188,18.14746957874464,18.720950876588574,19.301207926083745,19.88764765270865,20.479738938295885,21.077005500623475,21.679019600433193,22.285396493415053],[21.994750098316388,21.38013156775794,20.769455840054768,20.16308116333973,19.561407520343742,18.964882346711004,18.374007095413766,17.789344763934814,17.21152850818455,16.641271469333663,16.079377933059558,15.526755919455983,14.984431257830742,14.453563122256165,13.935460875318283,13.431601868582339,12.943649553923244,12.473470842694304,12.02315108540217,11.595004323042081,11.191575606250291,10.81563127697886,10.470132346766441,10.158185805946914,9.88296931329712,9.647626759835735,9.455136054902614,9.308156079827784,9.208866242173645,9.158817685495794,9.158817685495794,9.208866242173645,9.308156079827784,9.455136054902612,9.647626759835735,9.88296931329712,10.158185805946914,10.470132346766441,10.81563127697886,11.191575606250291,11.595004323042081,12.023151085402167,12.473470842694304,12.943649553923244,13.431601868582337,13.935460875318281,14.453563122256165,14.984431257830742,15.526755919455981,16.079377933059554,16.64127146933366,17.21152850818455,17.789344763934814,18.374007095413763,18.964882346711004,19.561407520343742,20.16308116333973,20.769455840054764,21.380131567757932,21.994750098316388],[21.721382160814635,21.09880178928195,20.479738938295885,19.864522473198114,19.25352111344126,18.647149206067887,18.04587342943209,17.45022057794407,16.860786597214766,16.278247055651484,15.703369250034536,15.137026143570242,14.580212317021402,14.034062064057256,13.499869662196527,12.979111673950271,12.473470842694304,11.984860698077078,11.515449323025784,11.067679808348819,10.644283707191581,10.248282344292187,9.88296931329712,9.551866307529066,9.258644260167909,9.007003563109441,8.800511854743846,8.642405955242008,8.535375126789269,8.481353222506309,8.481353222506309,8.535375126789269,8.642405955242008,8.800511854743844,9.00700356310944,9.258644260167909,9.551866307529066,9.882969313297119,10.248282344292186,10.644283707191581,11.067679808348819,11.51544932302578,11.984860698077076,12.473470842694304,12.979111673950268,13.499869662196526,14.034062064057254,14.580212317021402,15.13702614357024,15.703369250034532,16.27824705565148,16.860786597214766,17.45022057794407,18.045873429432085,18.647149206067887,19.25352111344126,19.864522473198114,20.47973893829588,21.098801789281943,21.721382160814635],[21.465952812186526,20.83574150593805,20.208621777340856,19.58489061105666,18.964882346711004,18.348974376575402,17.737593833154072,17.131225448804443,16.530420800320826,15.9358091844653,15.34811040362274,14.768149770028451,14.196875655167407,13.635379905843232,13.084921400419514,12.546952897167287,12.02315108540217,11.515449323025784,11.02607184223091,10.557567120269448,10.112836535712745,9.695152302423793,9.308156079827784,8.955826992286717,8.642405955242008,8.372263752697268,8.149705274692412,7.978713420976149,7.862653223554713,7.803975886929721,7.803975886929721,7.862653223554713,7.978713420976149,8.149705274692412,8.372263752697267,8.642405955242008,8.955826992286715,9.308156079827782,9.695152302423791,10.112836535712745,10.557567120269448,11.026071842230909,11.515449323025782,12.02315108540217,12.546952897167285,13.084921400419512,13.63537990584323,14.196875655167407,14.76814977002845,15.348110403622737,15.935809184465295,16.530420800320826,17.131225448804443,17.73759383315407,18.348974376575402,18.964882346711004,19.58489061105666,20.208621777340852,20.835741505938042,21.465952812186526],[21.229109575391423,20.59165091320331,19.95686241292885,19.325007205070133,18.69638268900024,18.07132601391436,17.45022057794407,16.833503753132387,16.22167608678698,15.61531227970308,15.01507429854244,14.42172704147976,13.836157038615967,13.259394722446064,12.692640831762072,12.137297484724174,11.595004323042081,11.067679808348819,10.557567120269448,10.067282986384745,9.599865937970371,9.158817685495794,8.748127390212842,8.372263752697268,8.036114977037084,7.744854005963298,7.5037097020944605,7.317638354211154,7.190916418846246,7.12671052258598,7.126710522585979,7.190916418846246,7.317638354211154,7.503709702094459,7.744854005963297,8.036114977037084,8.372263752697267,8.74812739021284,9.158817685495794,9.599865937970371,10.067282986384743,10.557567120269447,11.067679808348819,11.595004323042081,12.137297484724172,12.69264083176207,13.259394722446064,13.836157038615967,14.421727041479759,15.015074298542439,15.615312279703074,16.22167608678698,16.833503753132387,17.450220577944066,18.07132601391436,18.69638268900024,19.325007205070133,19.956862412928846,20.591650913203303,21.229109575391423],[21.01148097262608,20.367212048542108,19.72520206912021,19.08567899696169,18.448901456525803,17.81516385555378,17.184802516117394,16.55820303975568,15.9358091844653,15.318133596874581,14.705770822700924,14.099413113956219,13.499869662196527,12.908090009938828,12.325192517083284,11.752498863294724,11.191575606250291,10.644283707191581,10.112836535712745,9.599865937970371,9.10849413053858,8.64240595524201,8.205910804684885,7.803975886929722,7.442202847491577,7.126710522585981,6.863883637734437,6.6599602387757635,6.520469173447914,6.449592403539136,6.449592403539135,6.520469173447914,6.6599602387757635,6.863883637734435,7.126710522585979,7.442202847491577,7.803975886929721,8.205910804684883,8.642405955242008,9.10849413053858,9.599865937970371,10.112836535712743,10.644283707191581,11.191575606250291,11.752498863294722,12.32519251708328,12.908090009938826,13.499869662196527,14.099413113956217,14.70577082270092,15.318133596874576,15.9358091844653,16.55820303975568,17.18480251611739,17.81516385555378,18.448901456525803,19.08567899696169,19.725202069120208,20.3672120485421,21.01148097262608],[20.813669739672882,20.163081163339733,19.51435656220238,18.867688203492534,18.22329499080083,17.58142709137619,16.942371524881086,16.306458943465348,15.674071893826294,15.045654929608235,14.42172704147976,13.8028969976287,13.189882344639809,12.583533012386837,11.984860698077078,11.395075467099398,10.81563127697886,10.248282344292187,9.695152302423793,9.158817685495794,8.64240595524201,8.149705274692414,7.6852773211895835,7.254554087807695,6.863883637734437,6.520469173447915,6.232127563000081,6.006794964972662,5.851754746315956,5.772673344381832,5.772673344381832,5.851754746315956,6.006794964972662,6.23212756300008,6.520469173447914,6.863883637734437,7.254554087807694,7.685277321189581,8.149705274692412,8.64240595524201,9.158817685495794,9.69515230242379,10.248282344292186,10.81563127697886,11.395075467099396,11.984860698077075,12.583533012386837,13.189882344639809,13.802896997628698,14.421727041479759,15.045654929608231,15.674071893826294,16.306458943465348,16.942371524881082,17.58142709137619,18.22329499080083,18.867688203492534,19.514356562202376,20.163081163339726,20.813669739672882],[20.636245769795828,19.97988071632729,19.325007205070136,18.671782174807337,18.020384894917985,17.371020983483334,16.723927299720692,16.079377933059558,15.43769157523485,14.799240646063101,14.164462654763511,13.533874425543816,12.908090009938828,12.287843362977531,11.674017191676315,11.067679808348819,10.470132346766441,9.88296931329712,9.308156079827784,8.748127390212842,8.205910804684885,7.6852773211895835,7.190916418846247,6.728621437721766,6.305449233131619,5.929781587978273,5.611167917710797,5.359792644353186,5.185443573145205,5.096032670634885,5.096032670634885,5.185443573145205,5.359792644353186,5.611167917710795,5.9297815879782725,6.305449233131619,6.728621437721765,7.190916418846244,7.685277321189583,8.205910804684885,8.74812739021284,9.308156079827782,9.882969313297119,10.470132346766441,11.067679808348817,11.674017191676313,12.287843362977531,12.908090009938828,13.533874425543816,14.16446265476351,14.799240646063097,15.43769157523485,16.079377933059554,16.72392729972069,17.371020983483334,18.020384894917985,18.671782174807337,19.325007205070133,19.979880716327283,20.636245769795828],[20.479738938295885,19.818191162364027,19.157791391111584,18.498662575786103,17.840945582292566,17.184802516117394,16.530420800320826,15.878018208312366,15.227849115400815,14.580212317021402,13.935460875318283,13.294014610933951,12.656376069555572,12.02315108540217,11.395075467099398,10.77304988614963,10.158185805946914,9.551866307529066,8.955826992286717,8.372263752697268,7.803975886929722,7.254554087807695,6.728621437721766,6.232127563000081,5.772673344381832,5.359792644353187,5.005024766180815,4.721487551587837,4.522597987839436,4.419798240815356,4.419798240815355,4.522597987839436,4.721487551587837,5.005024766180814,5.359792644353186,5.772673344381832,6.23212756300008,6.728621437721764,7.254554087807693,7.803975886929722,8.372263752697267,8.955826992286713,9.551866307529064,10.158185805946914,10.773049886149629,11.395075467099394,12.023151085402167,12.656376069555572,13.29401461093395,13.93546087531828,14.580212317021397,15.227849115400815,15.878018208312364,16.530420800320822,17.184802516117394,17.840945582292566,18.498662575786103,19.15779139111158,19.818191162364016,20.479738938295885],[20.344631983896488,19.67854274399999,19.01329310153242,18.3489743765754,17.6856914721974,17.023565463714874,16.362736794775824,15.703369250034536,15.045654929608235,14.38982052663805,13.73613531481682,13.084921400419514,12.436567001928232,11.791543817577008,11.150429968405781,10.513940623234456,9.88296931329712,9.258644260167909,8.642405955242008,8.036114977037084,7.442202847491577,6.863883637734437,6.305449233131619,5.772673344381832,5.273338707153915,4.817854374085391,4.419798240815356,4.095947787659177,3.865001441014028,3.7441901753177165,3.744190175317716,3.865001441014028,4.095947787659177,4.419798240815354,4.817854374085388,5.273338707153915,5.77267334438183,6.3054492331316165,6.863883637734435,7.442202847491577,8.036114977037082,8.642405955242006,9.258644260167907,9.88296931329712,10.513940623234456,11.150429968405778,11.791543817577006,12.436567001928232,13.084921400419512,13.736135314816817,14.389820526638045,15.045654929608235,15.703369250034534,16.36273679477582,17.023565463714874,17.6856914721974,18.3489743765754,19.013293101532415,19.678542743999984,20.344631983896488],[20.23135364254478,19.561407520343742,18.89203361775291,18.22329499080083,17.555264238947867,16.888025365533768,16.22167608678698,15.556330719435616,14.892123821348337,14.229214821569734,13.567793963518307,12.908090009938828,12.250380338706883,11.595004323042081,10.942381282419644,10.293034881823036,9.647626759835735,9.007003563109441,8.372263752697268,7.744854005963298,7.126710522585981,6.520469173447915,5.929781587978273,5.359792644353187,4.817854374085391,4.314549851307751,3.8650014410140296,3.4900441155888156,3.2158755866119138,3.069622080724551,3.0696220807245505,3.2158755866119138,3.4900441155888156,3.8650014410140274,4.314549851307749,4.817854374085391,5.359792644353186,5.929781587978271,6.520469173447914,7.126710522585981,7.744854005963297,8.372263752697265,9.00700356310944,9.647626759835735,10.293034881823035,10.94238128241964,11.595004323042081,12.250380338706883,12.908090009938826,13.567793963518303,14.229214821569728,14.892123821348337,15.556330719435614,16.221676086786978,16.888025365533768,17.555264238947867,18.22329499080083,18.89203361775291,19.561407520343735,20.23135364254478],[20.140272240695523,19.467191885235568,18.794462746615743,18.122123938472757,17.45022057794407,16.77880497730791,16.1079381295142,15.43769157523485,14.768149770028451,14.099413113956219,13.431601868582339,12.764861277127276,12.099368337338811,11.43534087690373,10.77304988614963,10.112836535712745,9.455136054902614,8.800511854743846,8.149705274692412,7.5037097020944605,6.863883637734437,6.232127563000081,5.611167917710797,5.005024766180815,4.419798240815356,3.8650014410140296,3.3557609954615826,2.9160424634042803,2.5816180019877666,2.3969721396154164,2.396972139615416,2.5816180019877666,2.9160424634042803,3.35576099546158,3.865001441014027,4.419798240815356,5.005024766180813,5.611167917710794,6.23212756300008,6.863883637734437,7.503709702094459,8.14970527469241,8.800511854743844,9.455136054902614,10.112836535712743,10.773049886149627,11.435340876903728,12.099368337338811,12.764861277127274,13.431601868582336,14.099413113956214,14.768149770028451,15.437691575234846,16.107938129514196,16.77880497730791,17.45022057794407,18.122123938472757,18.794462746615743,19.46719188523556,20.140272240695523],[20.07168995672876,19.39622983175589,18.720950876588578,18.045873429432085,17.371020983483334,16.696420821728477,16.02210481097827,15.34811040362274,14.674481913161602,14.001272154619244,13.328544577177967,12.656376069555572,11.984860698077076,11.314114758155007,10.644283707191581,9.975551843770956,9.308156079827784,8.642405955242008,7.978713420976149,7.317638354211154,6.6599602387757635,6.006794964972662,5.359792644353186,4.721487551587837,4.095